 ox =  -1.00000000000000;
 oy =  -0.50000000000000;
 lx =   2.00000000000000;
 ly =   1.00000000000000;
 dx_box =   0.10000000000000;
 dx_part =   0.01570796326795;
 nobj = 9;
 biperiodic = 0;
 xp[1] =  -0.80000001192093;
 yp[1] =   0.33999999910593;
 rp[1] =   0.10000000000000;
 xp[2] =  -0.20000001291434;
 yp[2] =   0.26000000089407;
 rp[2] =   0.10000000000000;
 xp[3] =   0.43999998529752;
 yp[3] =   0.37999999831120;
 rp[3] =   0.10000000000000;
 xp[4] =  -0.80000001192093;
 yp[4] =  -0.03999999910593;
 rp[4] =   0.10000000000000;
 xp[5] =  -0.22000001450380;
 yp[5] =   0.01999999751647;
 rp[5] =   0.10000000000000;
 xp[6] =   0.39999998609225;
 yp[6] =  -0.03999999910593;
 rp[6] =   0.10000000000000;
 xp[7] =  -0.88000001430511;
 yp[7] =  -0.34000000327826;
 rp[7] =   0.10000000000000;
 xp[8] =  -0.20000001291434;
 yp[8] =  -0.33999999910593;
 rp[8] =   0.10000000000000;
 xp[9] =   0.39999998609225;
 yp[9] =  -0.26000000089407;
 rp[9] =   0.10000000000000;

 Include "particles_in_a_box_2D_rp.igo";
